# oST version 5.0 parameters


[image]

width
1920

height
1200

[narrow_stereo]

camera matrix
4459.164562 0.000000 878.637229
0.000000 4469.286184 682.326622
0.000000 0.000000 1.000000

distortion
-0.108942 -0.541692 0.005866 -0.002470 0.000000

rectification
1.000000 0.000000 0.000000
0.000000 1.000000 0.000000
0.000000 0.000000 1.000000

projection
4429.654785 0.000000 875.784440 0.000000
0.000000 4456.059570 684.148860 0.000000
0.000000 0.000000 1.000000 0.000000

