image_width: 1920
image_height: 1200
camera_name: pylon_camera
camera_matrix:
  rows: 3
  cols: 3
  data: [4459.164562, 0.000000, 878.637229, 0.000000, 4469.286184, 682.326622, 0.000000, 0.000000, 1.000000]
distortion_model: plumb_bob
distortion_coefficients:
  rows: 1
  cols: 5
  data: [-0.108942, -0.541692, 0.005866, -0.002470, 0.000000]
rectification_matrix:
  rows: 3
  cols: 3
  data: [1.000000, 0.000000, 0.000000, 0.000000, 1.000000, 0.000000, 0.000000, 0.000000, 1.000000]
projection_matrix:
  rows: 3
  cols: 4
  data: [4429.654785, 0.000000, 875.784440, 0.000000, 0.000000, 4456.059570, 684.148860, 0.000000, 0.000000, 0.000000, 1.000000, 0.000000]
